n, 0.000000, 0.250177, 0.594781, 1.000706, 1.452230, 1.940091, 2.458171, 3.002119, 3.568684, 
4.155343, 4.760078, 5.381242, 6.017462, 6.667577, 7.330594, 8.005651, 8.691994, 9.388958, 10.095954, 
10.812452, 11.537977, 12.272099, 13.014426, 13.764603, 14.522301, 15.287219, 16.059080, 16.837627, 17.622620, 
18.413837, 19.211070, 20.014126, 20.822823, 21.636989, 22.456463, 23.281095, 24.110740, 24.945263, 25.784535, 
26.628435, 27.476848, 28.329662, 29.186774, 30.048082, 30.913493, 31.782914, 32.656259, 33.533444, 34.414388, 
35.299016, 36.187253, 37.079029, 37.974276, 38.872928, 39.774922, 40.680197, 41.588696, 42.500360, 43.415136, 
44.332971, 45.253813, 46.177615, 47.104327, 48.033903, 48.966300, 49.901473, 50.839380, 51.779982, 52.723237, 
53.669107, 54.617556, 55.568546, 56.522044, 57.478013, 58.436421, 59.397235, 60.360424, 61.325957, 62.293803, 
63.263934, 64.236321, 65.210935, 66.187751, 67.166741, 68.147879, 69.131140, 70.116500, 71.103934, 72.093419, 
73.084932, 74.078450, 75.073951, 76.071414, 77.070817, 78.072140, 79.075363, 80.080466, 81.087429, 82.096233, 
83.106861, 84.119293, 85.133512, 86.149500, 87.167241, 88.186716, 89.207911, 90.230808, 91.255391, 92.281646, 
93.309556, 94.339107, 95.370283, 96.403071, 97.437456, 98.473424, 99.510961, 100.550054, 101.590690, 102.632855, 
103.676536, 104.721721, 105.768398, 106.816554, 107.866177, 108.917255, 109.969778, 111.023732, 112.079108, 113.135893, 
114.194077, 115.253650, 116.314600, 117.376918, 118.440592, 119.505613, 120.571970, 121.639655, 122.708657, 123.778967, 
124.850575, 125.923472, 126.997649, 128.073097, 129.149807, 130.227770, 131.306977, 132.387421, 133.469092, 134.551983, 
135.636085, 136.721390, 137.807890, 138.895578, 139.984445, 141.074484, 142.165687, 143.258047, 144.351556, 145.446208, 
146.541994, 147.638909, 148.736944, 149.836094, 150.936350, 152.037707, 153.140158, 154.243695, 155.348314, 156.454007, 
157.560767, 158.668589, 159.777466, 160.887393, 161.998363, 163.110370, 164.223408, 165.337471, 166.452554, 167.568651, 
168.685757, 169.803864, 170.922969, 172.043065, 173.164148, 174.286211, 175.409250, 176.533259, 177.658233, 178.784167, 
179.911056, 181.038894, 182.167678, 183.297401, 184.428060, 185.559648, 186.692162, 187.825597, 188.959948, 190.095211, 
191.231380, 192.368451, 193.506421, 194.645284, 195.785035, 196.925672, 198.067188, 199.209581, 200.352846, 201.496978, 
202.641974, 203.787829, 204.934539, 206.082101, 207.230509, 208.379762, 209.529853, 210.680780, 211.832539, 212.985125, 
214.138535, 215.292766, 216.447814, 217.603674, 218.760343, 219.917818, 221.076096, 222.235171, 223.395042, 224.555704, 
225.717155, 226.879390, 228.042406, 229.206200, 230.370768, 231.536108, 232.702216, 233.869088, 235.036722, 236.205114, 
237.374261, 238.544161, 239.714809, 240.886202, 242.058339, 243.231214, 244.404827, 245.579173, 246.754250, 247.930054, 
249.106583, 250.283834, 251.461804, 252.640491, 253.819890, 255.000000, 
